   4.05418457293e+08    4.56095764454e+08    5.06773071616e+04    9.24000000000e-01 
1001 
1.065515e-05 
1.065249e-05 
1.064982e-05 
1.064716e-05 
1.064450e-05 
1.064183e-05 
1.063917e-05 
1.063651e-05 
1.063385e-05 
1.063119e-05 
1.062854e-05 
1.062588e-05 
1.062323e-05 
1.062057e-05 
1.061792e-05 
1.061527e-05 
1.061261e-05 
1.060996e-05 
1.060732e-05 
1.060467e-05 
1.060202e-05 
1.059937e-05 
1.059673e-05 
1.059408e-05 
1.059144e-05 
1.058880e-05 
1.058616e-05 
1.058352e-05 
1.058088e-05 
1.057824e-05 
1.057560e-05 
1.057297e-05 
1.057033e-05 
1.056770e-05 
1.056506e-05 
1.056243e-05 
1.055980e-05 
1.055717e-05 
1.055454e-05 
1.055191e-05 
1.054928e-05 
1.054666e-05 
1.054403e-05 
1.054141e-05 
1.053878e-05 
1.053616e-05 
1.053354e-05 
1.053092e-05 
1.052830e-05 
1.052568e-05 
1.052306e-05 
1.052044e-05 
1.051783e-05 
1.051521e-05 
1.051260e-05 
1.050999e-05 
1.050737e-05 
1.050476e-05 
1.050215e-05 
1.049955e-05 
1.049694e-05 
1.049433e-05 
1.049172e-05 
1.048912e-05 
1.048651e-05 
1.048391e-05 
1.048131e-05 
1.047871e-05 
1.047611e-05 
1.047351e-05 
1.047091e-05 
1.046831e-05 
1.046572e-05 
1.046312e-05 
1.046053e-05 
1.045793e-05 
1.045534e-05 
1.045275e-05 
1.045016e-05 
1.044757e-05 
1.044498e-05 
1.044239e-05 
1.043981e-05 
1.043722e-05 
1.043464e-05 
1.043205e-05 
1.042947e-05 
1.042689e-05 
1.042431e-05 
1.042173e-05 
1.041915e-05 
1.041657e-05 
1.041399e-05 
1.041142e-05 
1.040884e-05 
1.040627e-05 
1.040369e-05 
1.040112e-05 
1.039855e-05 
1.039598e-05 
1.039341e-05 
1.039084e-05 
1.038827e-05 
1.038571e-05 
1.038314e-05 
1.038058e-05 
1.037801e-05 
1.037545e-05 
1.037289e-05 
1.037033e-05 
1.036777e-05 
1.036521e-05 
1.036265e-05 
1.036009e-05 
1.035754e-05 
1.035498e-05 
1.035243e-05 
1.034987e-05 
1.034732e-05 
1.034477e-05 
1.034222e-05 
1.033967e-05 
1.033712e-05 
1.033457e-05 
1.033203e-05 
1.032948e-05 
1.032694e-05 
1.032439e-05 
1.032185e-05 
1.031931e-05 
1.031677e-05 
1.031423e-05 
1.031169e-05 
1.030915e-05 
1.030661e-05 
1.030407e-05 
1.030154e-05 
1.029900e-05 
1.029647e-05 
1.029394e-05 
1.029141e-05 
1.028888e-05 
1.028635e-05 
1.028382e-05 
1.028129e-05 
1.027876e-05 
1.027624e-05 
1.027371e-05 
1.027119e-05 
1.026866e-05 
1.026614e-05 
1.026362e-05 
1.026110e-05 
1.025858e-05 
1.025606e-05 
1.025354e-05 
1.025103e-05 
1.024851e-05 
1.024599e-05 
1.024348e-05 
1.024097e-05 
1.023846e-05 
1.023594e-05 
1.023343e-05 
1.023092e-05 
1.022842e-05 
1.022591e-05 
1.022340e-05 
1.022090e-05 
1.021839e-05 
1.021589e-05 
1.021338e-05 
1.021088e-05 
1.020838e-05 
1.020588e-05 
1.020338e-05 
1.020088e-05 
1.019839e-05 
1.019589e-05 
1.019339e-05 
1.019090e-05 
1.018840e-05 
1.018591e-05 
1.018342e-05 
1.018093e-05 
1.017844e-05 
1.017595e-05 
1.017346e-05 
1.017097e-05 
1.016849e-05 
1.016600e-05 
1.016352e-05 
1.016103e-05 
1.015855e-05 
1.015607e-05 
1.015359e-05 
1.015111e-05 
1.014863e-05 
1.014615e-05 
1.014367e-05 
1.014120e-05 
1.013872e-05 
1.013625e-05 
1.013377e-05 
1.013130e-05 
1.012883e-05 
1.012636e-05 
1.012389e-05 
1.012142e-05 
1.011895e-05 
1.011648e-05 
1.011401e-05 
1.011155e-05 
1.010908e-05 
1.010662e-05 
1.010416e-05 
1.010169e-05 
1.009923e-05 
1.009677e-05 
1.009431e-05 
1.009186e-05 
1.008940e-05 
1.008694e-05 
1.008449e-05 
1.008203e-05 
1.007958e-05 
1.007712e-05 
1.007467e-05 
1.007222e-05 
1.006977e-05 
1.006732e-05 
1.006487e-05 
1.006242e-05 
1.005998e-05 
1.005753e-05 
1.005509e-05 
1.005264e-05 
1.005020e-05 
1.004776e-05 
1.004532e-05 
1.004287e-05 
1.004044e-05 
1.003800e-05 
1.003556e-05 
1.003312e-05 
1.003069e-05 
1.002825e-05 
1.002582e-05 
1.002338e-05 
1.002095e-05 
1.001852e-05 
1.001609e-05 
1.001366e-05 
1.001123e-05 
1.000880e-05 
1.000637e-05 
1.000395e-05 
1.000152e-05 
9.999097e-06 
9.996673e-06 
9.994250e-06 
9.991828e-06 
9.989407e-06 
9.986987e-06 
9.984568e-06 
9.982149e-06 
9.979732e-06 
9.977315e-06 
9.974899e-06 
9.972484e-06 
9.970070e-06 
9.967657e-06 
9.965245e-06 
9.962833e-06 
9.960423e-06 
9.958013e-06 
9.955604e-06 
9.953196e-06 
9.950789e-06 
9.948383e-06 
9.945978e-06 
9.943573e-06 
9.941170e-06 
9.938767e-06 
9.936365e-06 
9.933964e-06 
9.931564e-06 
9.929165e-06 
9.926767e-06 
9.924369e-06 
9.921973e-06 
9.919577e-06 
9.917182e-06 
9.914788e-06 
9.912395e-06 
9.910003e-06 
9.907611e-06 
9.905221e-06 
9.902831e-06 
9.900442e-06 
9.898055e-06 
9.895667e-06 
9.893281e-06 
9.890896e-06 
9.888511e-06 
9.886128e-06 
9.883745e-06 
9.881363e-06 
9.878982e-06 
9.876602e-06 
9.874223e-06 
9.871844e-06 
9.869467e-06 
9.867090e-06 
9.864714e-06 
9.862339e-06 
9.859965e-06 
9.857592e-06 
9.855219e-06 
9.852848e-06 
9.850477e-06 
9.848107e-06 
9.845738e-06 
9.843370e-06 
9.841002e-06 
9.838636e-06 
9.836270e-06 
9.833905e-06 
9.831541e-06 
9.829178e-06 
9.826816e-06 
9.824455e-06 
9.822094e-06 
9.819734e-06 
9.817376e-06 
9.815018e-06 
9.812660e-06 
9.810304e-06 
9.807949e-06 
9.805594e-06 
9.803240e-06 
9.800888e-06 
9.798536e-06 
9.796184e-06 
9.793834e-06 
9.791484e-06 
9.789136e-06 
9.786788e-06 
9.784441e-06 
9.782095e-06 
9.779750e-06 
9.777405e-06 
9.775062e-06 
9.772719e-06 
9.770377e-06 
9.768036e-06 
9.765696e-06 
9.763356e-06 
9.761018e-06 
9.758680e-06 
9.756343e-06 
9.754007e-06 
9.751672e-06 
9.749338e-06 
9.747004e-06 
9.744672e-06 
9.742340e-06 
9.740009e-06 
9.737679e-06 
9.735349e-06 
9.733021e-06 
9.730693e-06 
9.728366e-06 
9.726040e-06 
9.723715e-06 
9.721391e-06 
9.719067e-06 
9.716745e-06 
9.714423e-06 
9.712102e-06 
9.709782e-06 
9.707463e-06 
9.705144e-06 
9.702826e-06 
9.700510e-06 
9.698194e-06 
9.695878e-06 
9.693564e-06 
9.691251e-06 
9.688938e-06 
9.686626e-06 
9.684315e-06 
9.682005e-06 
9.679695e-06 
9.677387e-06 
9.675079e-06 
9.672772e-06 
9.670466e-06 
9.668161e-06 
9.665857e-06 
9.663553e-06 
9.661250e-06 
9.658948e-06 
9.656647e-06 
9.654347e-06 
9.652047e-06 
9.649749e-06 
9.647451e-06 
9.645154e-06 
9.642858e-06 
9.640562e-06 
9.638268e-06 
9.635974e-06 
9.633681e-06 
9.631389e-06 
9.629098e-06 
9.626807e-06 
9.624518e-06 
9.622229e-06 
9.619941e-06 
9.617654e-06 
9.615367e-06 
9.613082e-06 
9.610797e-06 
9.608513e-06 
9.606230e-06 
9.603948e-06 
9.601666e-06 
9.599386e-06 
9.597106e-06 
9.594827e-06 
9.592548e-06 
9.590271e-06 
9.587994e-06 
9.585719e-06 
9.583444e-06 
9.581169e-06 
9.578896e-06 
9.576623e-06 
9.574352e-06 
9.572081e-06 
9.569811e-06 
9.567541e-06 
9.565273e-06 
9.563005e-06 
9.560738e-06 
9.558472e-06 
9.556207e-06 
9.553942e-06 
9.551679e-06 
9.549416e-06 
9.547154e-06 
9.544892e-06 
9.542632e-06 
9.540372e-06 
9.538113e-06 
9.535855e-06 
9.533598e-06 
9.531342e-06 
9.529086e-06 
9.526831e-06 
9.524577e-06 
9.522324e-06 
9.520071e-06 
9.517820e-06 
9.515569e-06 
9.513319e-06 
9.511069e-06 
9.508821e-06 
9.506573e-06 
9.504326e-06 
9.502080e-06 
9.499835e-06 
9.497591e-06 
9.495347e-06 
9.493104e-06 
9.490862e-06 
9.488621e-06 
9.486380e-06 
9.484140e-06 
9.481901e-06 
9.479663e-06 
9.477426e-06 
9.475189e-06 
9.472954e-06 
9.470719e-06 
9.468485e-06 
9.466251e-06 
9.464019e-06 
9.461787e-06 
9.459556e-06 
9.457326e-06 
9.455096e-06 
9.452868e-06 
9.450640e-06 
9.448413e-06 
9.446186e-06 
9.443961e-06 
9.441736e-06 
9.439512e-06 
9.437289e-06 
9.435067e-06 
9.432845e-06 
9.430624e-06 
9.428404e-06 
9.426185e-06 
9.423967e-06 
9.421749e-06 
9.419532e-06 
9.417316e-06 
9.415101e-06 
9.412886e-06 
9.410673e-06 
9.408460e-06 
9.406248e-06 
9.404036e-06 
9.401826e-06 
9.399616e-06 
9.397407e-06 
9.395198e-06 
9.392991e-06 
9.390784e-06 
9.388578e-06 
9.386373e-06 
9.384169e-06 
9.381965e-06 
9.379762e-06 
9.377560e-06 
9.375359e-06 
9.373159e-06 
9.370959e-06 
9.368760e-06 
9.366562e-06 
9.364364e-06 
9.362168e-06 
9.359972e-06 
9.357777e-06 
9.355582e-06 
9.353389e-06 
9.351196e-06 
9.349004e-06 
9.346813e-06 
9.344622e-06 
9.342433e-06 
9.340244e-06 
9.338056e-06 
9.335868e-06 
9.333682e-06 
9.331496e-06 
9.329311e-06 
9.327126e-06 
9.324943e-06 
9.322760e-06 
9.320578e-06 
9.318397e-06 
9.316216e-06 
9.314037e-06 
9.311858e-06 
9.309680e-06 
9.307502e-06 
9.305326e-06 
9.303150e-06 
9.300975e-06 
9.298800e-06 
9.296627e-06 
9.294454e-06 
9.292282e-06 
9.290110e-06 
9.287940e-06 
9.285770e-06 
9.283601e-06 
9.281433e-06 
9.279265e-06 
9.277099e-06 
9.274933e-06 
9.272767e-06 
9.270603e-06 
9.268439e-06 
9.266276e-06 
9.264114e-06 
9.261953e-06 
9.259792e-06 
9.257632e-06 
9.255473e-06 
9.253314e-06 
9.251157e-06 
9.249000e-06 
9.246844e-06 
9.244688e-06 
9.242534e-06 
9.240380e-06 
9.238227e-06 
9.236074e-06 
9.233923e-06 
9.231772e-06 
9.229622e-06 
9.227472e-06 
9.225324e-06 
9.223176e-06 
9.221029e-06 
9.218882e-06 
9.216737e-06 
9.214592e-06 
9.212447e-06 
9.210304e-06 
9.208161e-06 
9.206020e-06 
9.203878e-06 
9.201738e-06 
9.199598e-06 
9.197460e-06 
9.195321e-06 
9.193184e-06 
9.191047e-06 
9.188911e-06 
9.186776e-06 
9.184642e-06 
9.182508e-06 
9.180375e-06 
9.178243e-06 
9.176112e-06 
9.173981e-06 
9.171851e-06 
9.169722e-06 
9.167593e-06 
9.165465e-06 
9.163338e-06 
9.161212e-06 
9.159087e-06 
9.156962e-06 
9.154838e-06 
9.152715e-06 
9.150592e-06 
9.148470e-06 
9.146349e-06 
9.144229e-06 
9.142109e-06 
9.139990e-06 
9.137872e-06 
9.135755e-06 
9.133638e-06 
9.131522e-06 
9.129407e-06 
9.127292e-06 
9.125179e-06 
9.123066e-06 
9.120953e-06 
9.118842e-06 
9.116731e-06 
9.114621e-06 
9.112512e-06 
9.110403e-06 
9.108295e-06 
9.106188e-06 
9.104082e-06 
9.101976e-06 
9.099871e-06 
9.097767e-06 
9.095664e-06 
9.093561e-06 
9.091459e-06 
9.089357e-06 
9.087257e-06 
9.085157e-06 
9.083058e-06 
9.080960e-06 
9.078862e-06 
9.076765e-06 
9.074669e-06 
9.072573e-06 
9.070479e-06 
9.068385e-06 
9.066291e-06 
9.064199e-06 
9.062107e-06 
9.060016e-06 
9.057925e-06 
9.055836e-06 
9.053747e-06 
9.051659e-06 
9.049571e-06 
9.047484e-06 
9.045398e-06 
9.043313e-06 
9.041228e-06 
9.039144e-06 
9.037061e-06 
9.034979e-06 
9.032897e-06 
9.030816e-06 
9.028736e-06 
9.026656e-06 
9.024577e-06 
9.022499e-06 
9.020422e-06 
9.018345e-06 
9.016269e-06 
9.014194e-06 
9.012119e-06 
9.010045e-06 
9.007972e-06 
9.005900e-06 
9.003828e-06 
9.001757e-06 
8.999687e-06 
8.997618e-06 
8.995549e-06 
8.993481e-06 
8.991413e-06 
8.989346e-06 
8.987281e-06 
8.985215e-06 
8.983151e-06 
8.981087e-06 
8.979024e-06 
8.976961e-06 
8.974900e-06 
8.972839e-06 
8.970778e-06 
8.968719e-06 
8.966660e-06 
8.964602e-06 
8.962544e-06 
8.960488e-06 
8.958432e-06 
8.956376e-06 
8.954322e-06 
8.952268e-06 
8.950214e-06 
8.948162e-06 
8.946110e-06 
8.944059e-06 
8.942009e-06 
8.939959e-06 
8.937910e-06 
8.935862e-06 
8.933814e-06 
8.931767e-06 
8.929721e-06 
8.927676e-06 
8.925631e-06 
8.923587e-06 
8.921544e-06 
8.919501e-06 
8.917459e-06 
8.915418e-06 
8.913377e-06 
8.911337e-06 
8.909298e-06 
8.907260e-06 
8.905222e-06 
8.903185e-06 
8.901149e-06 
8.899113e-06 
8.897078e-06 
8.895044e-06 
8.893010e-06 
8.890978e-06 
8.888945e-06 
8.886914e-06 
8.884883e-06 
8.882853e-06 
8.880824e-06 
8.878795e-06 
8.876767e-06 
8.874740e-06 
8.872713e-06 
8.870687e-06 
8.868662e-06 
8.866638e-06 
8.864614e-06 
8.862591e-06 
8.860568e-06 
8.858547e-06 
8.856526e-06 
8.854505e-06 
8.852486e-06 
8.850467e-06 
8.848448e-06 
8.846431e-06 
8.844414e-06 
8.842398e-06 
8.840382e-06 
8.838367e-06 
8.836353e-06 
8.834340e-06 
8.832327e-06 
8.830315e-06 
8.828304e-06 
8.826293e-06 
8.824283e-06 
8.822274e-06 
8.820265e-06 
8.818257e-06 
8.816250e-06 
8.814243e-06 
8.812237e-06 
8.810232e-06 
8.808228e-06 
8.806224e-06 
8.804221e-06 
8.802218e-06 
8.800216e-06 
8.798215e-06 
8.796215e-06 
8.794215e-06 
8.792216e-06 
8.790218e-06 
8.788220e-06 
8.786223e-06 
8.784227e-06 
8.782231e-06 
8.780236e-06 
8.778242e-06 
8.776248e-06 
8.774255e-06 
8.772263e-06 
8.770271e-06 
8.768280e-06 
8.766290e-06 
8.764301e-06 
8.762312e-06 
8.760324e-06 
8.758336e-06 
8.756349e-06 
8.754363e-06 
8.752378e-06 
8.750393e-06 
8.748409e-06 
8.746425e-06 
8.744442e-06 
8.742460e-06 
8.740479e-06 
8.738498e-06 
8.736518e-06 
8.734539e-06 
8.732560e-06 
8.730582e-06 
8.728604e-06 
8.726628e-06 
8.724652e-06 
8.722676e-06 
8.720702e-06 
8.718728e-06 
8.716754e-06 
8.714781e-06 
8.712809e-06 
8.710838e-06 
8.708867e-06 
8.706897e-06 
8.704928e-06 
8.702959e-06 
8.700991e-06 
8.699024e-06 
8.697057e-06 
8.695091e-06 
8.693126e-06 
8.691161e-06 
8.689197e-06 
8.687234e-06 
8.685271e-06 
8.683309e-06 
8.681348e-06 
8.679387e-06 
8.677427e-06 
8.675468e-06 
8.673509e-06 
8.671551e-06 
8.669594e-06 
8.667637e-06 
8.665681e-06 
8.663726e-06 
8.661771e-06 
8.659817e-06 
8.657863e-06 
8.655911e-06 
8.653959e-06 
8.652007e-06 
8.650056e-06 
8.648106e-06 
8.646157e-06 
8.644208e-06 
8.642260e-06 
8.640313e-06 
8.638366e-06 
8.636420e-06 
8.634474e-06 
8.632529e-06 
8.630585e-06 
8.628642e-06 
8.626699e-06 
8.624757e-06 
8.622815e-06 
8.620874e-06 
8.618934e-06 
8.616994e-06 
8.615055e-06 
8.613117e-06 
8.611180e-06 
8.609243e-06 
8.607306e-06 
8.605371e-06 
8.603436e-06 
8.601501e-06 
8.599568e-06 
8.597635e-06 
8.595702e-06 
8.593770e-06 
8.591839e-06 
8.589909e-06 
8.587979e-06 
8.586050e-06 
8.584122e-06 
8.582194e-06 
8.580267e-06 
8.578340e-06 
8.576414e-06 
8.574489e-06 
8.572564e-06 
8.570640e-06 
8.568717e-06 
8.566794e-06 
8.564872e-06 
8.562951e-06 
8.561030e-06 
8.559110e-06 
8.557191e-06 
8.555272e-06 
8.553354e-06 
8.551436e-06 
8.549520e-06 
8.547603e-06 
8.545688e-06 
8.543773e-06 
8.541859e-06 
8.539945e-06 
8.538032e-06 
8.536120e-06 
8.534208e-06 
8.532297e-06 
8.530387e-06 
8.528477e-06 
8.526568e-06 
8.524659e-06 
8.522752e-06 
8.520844e-06 
8.518938e-06 
8.517032e-06 
8.515127e-06 
8.513222e-06 
8.511318e-06 
8.509415e-06 
8.507512e-06 
8.505610e-06 
8.503708e-06 
8.501808e-06 
8.499907e-06 
8.498008e-06 
8.496109e-06 
8.494211e-06 
8.492313e-06 
8.490416e-06 
8.488520e-06 
8.486624e-06 
8.484729e-06 
8.482835e-06 
8.480941e-06 
8.479048e-06 
8.477155e-06 
8.475263e-06 
8.473372e-06 
8.471481e-06 
8.469591e-06 
8.467702e-06 
8.465813e-06 
8.463925e-06 
8.462038e-06 
8.460151e-06 
8.458265e-06 
8.456379e-06 
8.454494e-06 
8.452610e-06 
8.450726e-06 
8.448843e-06 
8.446961e-06 
8.445079e-06 
8.443198e-06 
8.441317e-06 
8.439437e-06 
8.437558e-06 
8.435679e-06 
8.433801e-06 
8.431924e-06 
8.430047e-06 
8.428171e-06 
8.426295e-06 
8.424420e-06 
8.422546e-06 
8.420672e-06 
8.418799e-06 
8.416927e-06 
5.122375e-09 
5.120036e-09 
5.117699e-09 
5.115363e-09 
5.113029e-09 
5.110696e-09 
5.108365e-09 
5.106035e-09 
5.103706e-09 
5.101379e-09 
5.099054e-09 
5.096730e-09 
5.094407e-09 
5.092086e-09 
5.089767e-09 
5.087448e-09 
5.085132e-09 
5.082816e-09 
5.080502e-09 
5.078190e-09 
5.075879e-09 
5.073569e-09 
5.071261e-09 
5.068955e-09 
5.066650e-09 
5.064346e-09 
5.062044e-09 
5.059743e-09 
5.057443e-09 
5.055145e-09 
5.052849e-09 
5.050554e-09 
5.048260e-09 
5.045968e-09 
5.043677e-09 
5.041388e-09 
5.039100e-09 
5.036814e-09 
5.034528e-09 
5.032245e-09 
5.029963e-09 
5.027682e-09 
5.025403e-09 
5.023125e-09 
5.020848e-09 
5.018573e-09 
5.016300e-09 
5.014027e-09 
5.011757e-09 
5.009487e-09 
5.007219e-09 
5.004953e-09 
5.002688e-09 
5.000424e-09 
4.998162e-09 
4.995901e-09 
4.993641e-09 
4.991383e-09 
4.989126e-09 
4.986871e-09 
4.984617e-09 
4.982365e-09 
4.980114e-09 
4.977864e-09 
4.975616e-09 
4.973369e-09 
4.971124e-09 
4.968880e-09 
4.966637e-09 
4.964396e-09 
4.962156e-09 
4.959918e-09 
4.957681e-09 
4.955445e-09 
4.953211e-09 
4.950978e-09 
4.948746e-09 
4.946516e-09 
4.944288e-09 
4.942060e-09 
4.939834e-09 
4.937610e-09 
4.935387e-09 
4.933165e-09 
4.930945e-09 
4.928726e-09 
4.926508e-09 
4.924292e-09 
4.922077e-09 
4.919863e-09 
4.917651e-09 
4.915440e-09 
4.913231e-09 
4.911023e-09 
4.908816e-09 
4.906611e-09 
4.904407e-09 
4.902205e-09 
4.900004e-09 
4.897804e-09 
4.895605e-09 
4.893408e-09 
4.891213e-09 
4.889018e-09 
4.886825e-09 
4.884634e-09 
4.882443e-09 
4.880254e-09 
4.878067e-09 
4.875881e-09 
4.873696e-09 
4.871512e-09 
4.869330e-09 
4.867149e-09 
4.864970e-09 
4.862792e-09 
4.860615e-09 
4.858440e-09 
4.856266e-09 
4.854093e-09 
4.851922e-09 
4.849752e-09 
4.847583e-09 
4.845416e-09 
4.843250e-09 
4.841085e-09 
4.838922e-09 
4.836760e-09 
4.834599e-09 
4.832440e-09 
4.830282e-09 
4.828125e-09 
4.825970e-09 
4.823816e-09 
4.821663e-09 
4.819512e-09 
4.817362e-09 
4.815213e-09 
4.813066e-09 
4.810920e-09 
4.808775e-09 
4.806632e-09 
4.804490e-09 
4.802349e-09 
4.800210e-09 
4.798072e-09 
4.795935e-09 
4.793800e-09 
4.791666e-09 
4.789533e-09 
4.787401e-09 
4.785271e-09 
4.783142e-09 
4.781015e-09 
4.778889e-09 
4.776764e-09 
4.774640e-09 
4.772518e-09 
4.770397e-09 
4.768277e-09 
4.766159e-09 
4.764041e-09 
4.761926e-09 
4.759811e-09 
4.757698e-09 
4.755586e-09 
4.753476e-09 
4.751366e-09 
4.749258e-09 
4.747152e-09 
4.745046e-09 
4.742942e-09 
4.740839e-09 
4.738738e-09 
4.736637e-09 
4.734538e-09 
4.732441e-09 
4.730344e-09 
4.728249e-09 
4.726156e-09 
4.724063e-09 
4.721972e-09 
4.719882e-09 
4.717793e-09 
4.715706e-09 
4.713620e-09 
4.711535e-09 
4.709451e-09 
4.707369e-09 
4.705288e-09 
4.703208e-09 
4.701130e-09 
4.699053e-09 
4.696977e-09 
4.694902e-09 
4.692829e-09 
4.690757e-09 
4.688686e-09 
4.686616e-09 
4.684548e-09 
4.682481e-09 
4.680415e-09 
4.678351e-09 
4.676288e-09 
4.674226e-09 
4.672165e-09 
4.670106e-09 
4.668047e-09 
4.665990e-09 
4.663935e-09 
4.661880e-09 
4.659827e-09 
4.657775e-09 
4.655725e-09 
4.653675e-09 
4.651627e-09 
4.649580e-09 
4.647535e-09 
4.645490e-09 
4.643447e-09 
4.641405e-09 
4.639365e-09 
4.637325e-09 
4.635287e-09 
4.633250e-09 
4.631214e-09 
4.629180e-09 
4.627147e-09 
4.625115e-09 
4.623084e-09 
4.621055e-09 
4.619026e-09 
4.616999e-09 
4.614974e-09 
4.612949e-09 
4.610926e-09 
4.608904e-09 
4.606883e-09 
4.604863e-09 
4.602845e-09 
4.600828e-09 
4.598812e-09 
4.596797e-09 
4.594784e-09 
4.592771e-09 
4.590760e-09 
4.588751e-09 
4.586742e-09 
4.584735e-09 
4.582729e-09 
4.580724e-09 
4.578720e-09 
4.576718e-09 
4.574716e-09 
4.572716e-09 
4.570717e-09 
4.568720e-09 
4.566723e-09 
4.564728e-09 
4.562734e-09 
4.560741e-09 
4.558750e-09 
4.556760e-09 
4.554770e-09 
4.552783e-09 
4.550796e-09 
4.548810e-09 
4.546826e-09 
4.544843e-09 
4.542861e-09 
4.540880e-09 
4.538901e-09 
4.536922e-09 
4.534945e-09 
4.532969e-09 
4.530995e-09 
4.529021e-09 
4.527049e-09 
4.525078e-09 
4.523108e-09 
4.521139e-09 
4.519172e-09 
4.517205e-09 
4.515240e-09 
4.513276e-09 
4.511313e-09 
4.509352e-09 
4.507391e-09 
4.505432e-09 
4.503474e-09 
4.501517e-09 
4.499561e-09 
4.497607e-09 
4.495654e-09 
4.493702e-09 
4.491751e-09 
4.489801e-09 
4.487852e-09 
4.485905e-09 
4.483959e-09 
4.482013e-09 
4.480070e-09 
4.478127e-09 
4.476185e-09 
4.474245e-09 
4.472306e-09 
4.470368e-09 
4.468431e-09 
4.466495e-09 
4.464561e-09 
4.462627e-09 
4.460695e-09 
4.458764e-09 
4.456834e-09 
4.454905e-09 
4.452978e-09 
4.451052e-09 
4.449126e-09 
4.447202e-09 
4.445279e-09 
4.443358e-09 
4.441437e-09 
4.439518e-09 
4.437599e-09 
4.435682e-09 
4.433766e-09 
4.431851e-09 
4.429938e-09 
4.428025e-09 
4.426114e-09 
4.424204e-09 
4.422295e-09 
4.420387e-09 
4.418480e-09 
4.416574e-09 
4.414670e-09 
4.412767e-09 
4.410864e-09 
4.408963e-09 
4.407063e-09 
4.405165e-09 
4.403267e-09 
4.401371e-09 
4.399475e-09 
4.397581e-09 
4.395688e-09 
4.393796e-09 
4.391905e-09 
4.390016e-09 
4.388127e-09 
4.386240e-09 
4.384353e-09 
4.382468e-09 
4.380584e-09 
4.378701e-09 
4.376820e-09 
4.374939e-09 
4.373060e-09 
4.371181e-09 
4.369304e-09 
4.367428e-09 
4.365553e-09 
4.363679e-09 
4.361806e-09 
4.359935e-09 
4.358064e-09 
4.356195e-09 
4.354327e-09 
4.352459e-09 
4.350593e-09 
4.348728e-09 
4.346865e-09 
4.345002e-09 
4.343140e-09 
4.341280e-09 
4.339421e-09 
4.337562e-09 
4.335705e-09 
4.333849e-09 
4.331994e-09 
4.330141e-09 
4.328288e-09 
4.326436e-09 
4.324586e-09 
4.322737e-09 
4.320888e-09 
4.319041e-09 
4.317195e-09 
4.315350e-09 
4.313506e-09 
4.311663e-09 
4.309822e-09 
4.307981e-09 
4.306142e-09 
4.304303e-09 
4.302466e-09 
4.300630e-09 
4.298795e-09 
4.296961e-09 
4.295128e-09 
4.293296e-09 
4.291466e-09 
4.289636e-09 
4.287807e-09 
4.285980e-09 
4.284154e-09 
4.282328e-09 
4.280504e-09 
4.278681e-09 
4.276859e-09 
4.275038e-09 
4.273218e-09 
4.271400e-09 
4.269582e-09 
4.267765e-09 
4.265950e-09 
4.264135e-09 
4.262322e-09 
4.260510e-09 
4.258699e-09 
4.256889e-09 
4.255079e-09 
4.253272e-09 
4.251465e-09 
4.249659e-09 
4.247854e-09 
4.246050e-09 
4.244248e-09 
4.242446e-09 
4.240646e-09 
4.238846e-09 
4.237048e-09 
4.235251e-09 
4.233455e-09 
4.231659e-09 
4.229865e-09 
4.228072e-09 
4.226280e-09 
4.224490e-09 
4.222700e-09 
4.220911e-09 
4.219123e-09 
4.217337e-09 
4.215551e-09 
4.213767e-09 
4.211983e-09 
4.210201e-09 
4.208419e-09 
4.206639e-09 
4.204860e-09 
4.203082e-09 
4.201304e-09 
4.199528e-09 
4.197753e-09 
4.195979e-09 
4.194206e-09 
4.192435e-09 
4.190664e-09 
4.188894e-09 
4.187125e-09 
4.185357e-09 
4.183591e-09 
4.181825e-09 
4.180061e-09 
4.178297e-09 
4.176535e-09 
4.174773e-09 
4.173013e-09 
4.171253e-09 
4.169495e-09 
4.167738e-09 
4.165982e-09 
4.164226e-09 
4.162472e-09 
4.160719e-09 
4.158967e-09 
4.157216e-09 
4.155466e-09 
4.153717e-09 
4.151969e-09 
4.150222e-09 
4.148476e-09 
4.146731e-09 
4.144987e-09 
4.143244e-09 
4.141503e-09 
4.139762e-09 
4.138022e-09 
4.136283e-09 
4.134546e-09 
4.132809e-09 
4.131073e-09 
4.129339e-09 
4.127605e-09 
4.125873e-09 
4.124141e-09 
4.122410e-09 
4.120681e-09 
4.118952e-09 
4.117225e-09 
4.115498e-09 
4.113773e-09 
4.112048e-09 
4.110325e-09 
4.108603e-09 
4.106881e-09 
4.105161e-09 
4.103441e-09 
4.101723e-09 
4.100006e-09 
4.098289e-09 
4.096574e-09 
4.094859e-09 
4.093146e-09 
4.091434e-09 
4.089722e-09 
4.088012e-09 
4.086303e-09 
4.084594e-09 
4.082887e-09 
4.081181e-09 
4.079475e-09 
4.077771e-09 
4.076068e-09 
4.074365e-09 
4.072664e-09 
4.070964e-09 
4.069264e-09 
4.067566e-09 
4.065869e-09 
4.064172e-09 
4.062477e-09 
4.060783e-09 
4.059089e-09 
4.057397e-09 
4.055706e-09 
4.054015e-09 
4.052326e-09 
4.050637e-09 
4.048950e-09 
4.047263e-09 
4.045578e-09 
4.043893e-09 
4.042210e-09 
4.040527e-09 
4.038846e-09 
4.037165e-09 
4.035486e-09 
4.033807e-09 
4.032130e-09 
4.030453e-09 
4.028777e-09 
4.027103e-09 
4.025429e-09 
4.023756e-09 
4.022085e-09 
4.020414e-09 
4.018744e-09 
4.017075e-09 
4.015407e-09 
4.013741e-09 
4.012075e-09 
4.010410e-09 
4.008746e-09 
4.007083e-09 
4.005421e-09 
4.003760e-09 
4.002100e-09 
4.000441e-09 
3.998783e-09 
3.997125e-09 
3.995469e-09 
3.993814e-09 
3.992160e-09 
3.990506e-09 
3.988854e-09 
3.987203e-09 
3.985552e-09 
3.983903e-09 
3.982254e-09 
3.980607e-09 
3.978960e-09 
3.977315e-09 
3.975670e-09 
3.974026e-09 
3.972383e-09 
3.970742e-09 
3.969101e-09 
3.967461e-09 
3.965822e-09 
3.964184e-09 
3.962547e-09 
3.960911e-09 
3.959276e-09 
3.957642e-09 
3.956008e-09 
3.954376e-09 
3.952745e-09 
3.951114e-09 
3.949485e-09 
3.947856e-09 
3.946229e-09 
3.944602e-09 
3.942976e-09 
3.941352e-09 
3.939728e-09 
3.938105e-09 
3.936483e-09 
3.934862e-09 
3.933242e-09 
3.931623e-09 
3.930005e-09 
3.928388e-09 
3.926772e-09 
3.925156e-09 
3.923542e-09 
3.921928e-09 
3.920316e-09 
3.918704e-09 
3.917094e-09 
3.915484e-09 
3.913875e-09 
3.912267e-09 
3.910660e-09 
3.909054e-09 
3.907449e-09 
3.905845e-09 
3.904242e-09 
3.902640e-09 
3.901038e-09 
3.899438e-09 
3.897838e-09 
3.896240e-09 
3.894642e-09 
3.893045e-09 
3.891449e-09 
3.889854e-09 
3.888261e-09 
3.886667e-09 
3.885075e-09 
3.883484e-09 
3.881894e-09 
3.880304e-09 
3.878716e-09 
3.877128e-09 
3.875542e-09 
3.873956e-09 
3.872371e-09 
3.870787e-09 
3.869204e-09 
3.867622e-09 
3.866041e-09 
3.864461e-09 
3.862882e-09 
3.861303e-09 
3.859726e-09 
3.858149e-09 
3.856573e-09 
3.854999e-09 
3.853425e-09 
3.851852e-09 
3.850280e-09 
3.848708e-09 
3.847138e-09 
3.845569e-09 
3.844000e-09 
3.842433e-09 
3.840866e-09 
3.839300e-09 
3.837736e-09 
3.836172e-09 
3.834609e-09 
3.833047e-09 
3.831485e-09 
3.829925e-09 
3.828365e-09 
3.826807e-09 
3.825249e-09 
3.823692e-09 
3.822137e-09 
3.820582e-09 
3.819028e-09 
3.817474e-09 
3.815922e-09 
3.814371e-09 
3.812820e-09 
3.811270e-09 
3.809722e-09 
3.808174e-09 
3.806627e-09 
3.805081e-09 
3.803536e-09 
3.801991e-09 
3.800448e-09 
3.798905e-09 
3.797364e-09 
3.795823e-09 
3.794283e-09 
3.792744e-09 
3.791206e-09 
3.789669e-09 
3.788132e-09 
3.786597e-09 
3.785062e-09 
3.783529e-09 
3.781996e-09 
3.780464e-09 
3.778933e-09 
3.777402e-09 
3.775873e-09 
3.774345e-09 
3.772817e-09 
3.771290e-09 
3.769764e-09 
3.768239e-09 
3.766715e-09 
3.765192e-09 
3.763670e-09 
3.762148e-09 
3.760628e-09 
3.759108e-09 
3.757589e-09 
3.756071e-09 
3.754554e-09 
3.753038e-09 
3.751522e-09 
3.750008e-09 
3.748494e-09 
3.746981e-09 
3.745469e-09 
3.743958e-09 
3.742448e-09 
3.740939e-09 
3.739430e-09 
3.737922e-09 
3.736416e-09 
3.734910e-09 
3.733405e-09 
3.731900e-09 
3.730397e-09 
3.728894e-09 
3.727393e-09 
3.725892e-09 
3.724392e-09 
3.722893e-09 
3.721395e-09 
3.719897e-09 
3.718401e-09 
3.716905e-09 
3.715410e-09 
3.713916e-09 
3.712423e-09 
3.710931e-09 
3.709440e-09 
3.707949e-09 
3.706459e-09 
3.704971e-09 
3.703482e-09 
3.701995e-09 
3.700509e-09 
3.699023e-09 
3.697539e-09 
3.696055e-09 
3.694572e-09 
3.693090e-09 
3.691609e-09 
3.690128e-09 
3.688649e-09 
3.687170e-09 
3.685692e-09 
3.684215e-09 
3.682739e-09 
3.681263e-09 
3.679789e-09 
3.678315e-09 
3.676842e-09 
3.675370e-09 
3.673899e-09 
3.672428e-09 
3.670959e-09 
3.669490e-09 
3.668022e-09 
3.666555e-09 
3.665089e-09 
3.663624e-09 
3.662159e-09 
3.660695e-09 
3.659232e-09 
3.657770e-09 
3.656309e-09 
3.654849e-09 
3.653389e-09 
3.651930e-09 
3.650472e-09 
3.649015e-09 
3.647559e-09 
3.646104e-09 
3.644649e-09 
3.643195e-09 
3.641742e-09 
3.640290e-09 
3.638839e-09 
3.637388e-09 
3.635938e-09 
3.634489e-09 
3.633041e-09 
3.631594e-09 
3.630148e-09 
3.628702e-09 
3.627257e-09 
3.625813e-09 
3.624370e-09 
3.622928e-09 
3.621486e-09 
3.620045e-09 
3.618605e-09 
3.617166e-09 
3.615728e-09 
3.614291e-09 
3.612854e-09 
3.611418e-09 
3.609983e-09 
3.608549e-09 
3.607115e-09 
3.605683e-09 
3.604251e-09 
3.602820e-09 
3.601390e-09 
3.599960e-09 
3.598532e-09 
3.597104e-09 
3.595677e-09 
3.594251e-09 
3.592825e-09 
3.591401e-09 
3.589977e-09 
3.588554e-09 
3.587132e-09 
3.585710e-09 
3.584290e-09 
3.582870e-09 
3.581451e-09 
3.580033e-09 
3.578616e-09 
3.577199e-09 
3.575783e-09 
3.574368e-09 
3.572954e-09 
3.571541e-09 
3.570128e-09 
3.568716e-09 
3.567305e-09 
3.565895e-09 
3.564485e-09 
3.563077e-09 
3.561669e-09 
3.560262e-09 
3.558856e-09 
3.557450e-09 
3.556045e-09 
3.554642e-09 
3.553238e-09 
3.551836e-09 
3.550435e-09 
3.549034e-09 
3.547634e-09 
3.546235e-09 
3.544836e-09 
3.543439e-09 
3.542042e-09 
3.540646e-09 
3.539250e-09 
3.537856e-09 
3.536462e-09 
3.535069e-09 
3.533677e-09 
3.532286e-09 
3.530895e-09 
3.529505e-09 
3.528116e-09 
3.526728e-09 
3.525341e-09 
3.523954e-09 
3.522568e-09 
3.521183e-09 
3.519798e-09 
3.518415e-09 
3.517032e-09 
3.515650e-09 
3.514269e-09 
3.512888e-09 
3.511508e-09 
3.510129e-09 
3.508751e-09 
3.507374e-09 
3.505997e-09 
3.504621e-09 
3.503246e-09 
3.501872e-09 
3.500498e-09 
3.499125e-09 
3.497753e-09 
3.496382e-09 
3.495012e-09 
3.493642e-09 
3.492273e-09 
3.490905e-09 
3.489537e-09 
3.488170e-09 
3.486804e-09 
3.485439e-09 
3.484075e-09 
3.482711e-09 
3.481348e-09 
3.479986e-09 
3.478625e-09 
3.477264e-09 
3.475904e-09 
3.474545e-09 
3.473187e-09 
3.471829e-09 
3.470472e-09 
3.469116e-09 
3.467761e-09 
3.466406e-09 
3.465053e-09 
3.463700e-09 
3.462347e-09 
3.460996e-09 
3.459645e-09 
3.458295e-09 
3.456945e-09 
3.455597e-09 
3.454249e-09 
3.452902e-09 
3.451556e-09 
3.450210e-09 
3.448865e-09 
3.447521e-09 
3.446178e-09 
3.444835e-09 
3.443494e-09 
3.442152e-09 
3.440812e-09 
3.439473e-09 
3.438134e-09 
3.436796e-09 
3.435458e-09 
3.434122e-09 
3.432786e-09 
3.431451e-09 
3.430116e-09 
3.428782e-09 
3.427450e-09 
3.426117e-09 
3.424786e-09 
3.423455e-09 
3.422125e-09 
3.420796e-09 
3.419468e-09 
3.418140e-09 
3.416813e-09 
3.415486e-09 
3.414161e-09 
3.412836e-09 
3.411512e-09 
3.410189e-09 
3.408866e-09 
3.407544e-09 
3.406223e-09 
3.404903e-09 
3.403583e-09 
3.402264e-09 
3.400946e-09 
3.399628e-09 
3.398311e-09 
3.396995e-09 
3.395680e-09 
3.394365e-09 
3.393052e-09 
3.391738e-09 
3.390426e-09 
3.389114e-09 
3.387803e-09 
3.386493e-09 
3.385184e-09 
3.383875e-09 
3.382567e-09 
3.381259e-09 
3.379953e-09 
3.378647e-09 
3.377342e-09 
3.376037e-09 
3.374733e-09 
3.373430e-09 
3.372128e-09 
3.370826e-09 
3.369525e-09 
3.368225e-09 
3.366926e-09 
3.365627e-09 
